10001001001
100100100100100
100000
1010101010
100000010000100
10001010
10100001
10000101
101000101000
10100100000010
1000000001
1010
101000010
101010001001
10101
100101010101010101
100100010010001
100100001000010010
100100001001000
10000001
10000010
100001
100101
10101010001
101001000
100010
101
100100
1010000
10010101
1000101
1010101
101010101000
1001010000010
10010100010
10001010001
10000
1001000
101000
10010001001
100100100
1000001001
1000000101001
1000010101001000
10100010
1000000000100100
10100
100101001
101001
1001000101000000
10101001
100101010101010
10001
10100100
10000010000
1010000010000001
100100101
10010
101010001
100000101
10100101
100100100100
1010100010
101000101
10000100
10001001010
100010101010000
100010000
1001000001
1000001
100100001
10010101010
1010100
101000001
10101000
1000
100100000
1000000
100010010
1000100
1001
1000010
1001010
100100101010
1010001
10001010100
101010
1010101001000
1001001
10010100
10010010101010
1001001001000
101001001000
